-484050
-305175
137361
-170008
-458221
875039
1096414
1240351
1556505
1302506
409605
39779
1751180
1218921
638338
-1654183
-125580
902527
-1695146
-1739786
-792529
-128954
-403713
-374741
-1240687
-1442905
1775461
-1367511
249619
-341521
2015688
1219580
1922863
-1147510
1491604
-477564
-737944
-1150168
-585351
1487223
714334
-102766
-1040301
-630812
-1280249
1340360
1707451
-2079175
1582943
338192
2043652
1445800
-1832394
-316456
-1611640
-1351911
-1629615
1603712
-2007193
4744
-1219615
-57770
-725026
764703
1560756
536809
755238
-72485
-1665570
1411830
372838
292041
-886797
-759187
866764
-1371603
-297509
177988
-1558804
-165304
-1441637
-837571
1017799
1976107
-1769510
848138
-1642124
-849521
-1828365
1226261
-1582062
608230
-467670
2097083
-1769147
1224037
1813895
673802
-768484
1828710
-520510
2079114
-1986172
-298497
-415491
1878703
1895528
-906692
72520
-1007996
-2034467
598874
1549812
1657037
8670
-1874643
346829
920274
-807316
1041377
-302874
1677151
508694
420043
1544935
678780
2025639
1513617
-2054487
217132
942554
737483
1306338
-747893
2031524
-991647
749884
-933879
-1428792
530206
-588472
-1724583
-1857907
-1896869
1877115
-1897308
-498121
514519
478014
-1546344
-1715395
-592569
1439168
-1993694
-13918
609505
596759
127168
1895152
1258744
1031555
1716674
-1959944
486316
-213095
506529
1940330
-2084691
1803577
-1677438
766790
-1846373
1246137
-811178
1747673
1742524
-764686
-1868993
1660116
900146
1425287
-128087
-1074495
-582933
-860353
-608121
-50935
-188518
1538312
-2042487
-1921986
393350
1999913
2092590
-687236
-479401
1700424
1834783
-46999
738654
-267288
84303
-303943
-23101
-739219
1678522
1660492
-1105737
-1836291
-1287358
988228
760464
-663907
-1201495
-2008503
1185056
-1470016
-621663
1988710
-1881250
860587
1952106
1846271
-876082
146681
-258794
-273894
607478
745840
954022
1796193
1656544
561029
-1305056
74201
-262811
31512
-477771
-1652715
-833704
1745745
-1609490
1085701
1217719
-1285953
-317683
-1643233
-205839
920960
-611493
-1451941
-225946
-681887
-1285796
-1160783
454010
928009
-914547
-2061273
-1905491
693830
1232470
-548541
-1719116
-1822707
-1811556
710743
403815
-1287055
1905167
-944240
-1532682
1897957
392168
749398
-2050624
-573292
-1387839
-181734
1922799
373906
-2044712
798731
-1546586
-1898179
-1130465
-1515932
1514441
-131038
902976
183331
-452883
-677422
1625612
1917659
-1344760
-1815717
-336475
-306281
-1182343
1463520
-309259
229939
1003985
1637776
1455560
1206646
1671267
1640675
502583
1471731
-1411958
2030631
580859
-897592
-2044050
1501514
-8192
-1313098
-465259
-1428360
-195887
-933587
1700752
1627151
149355
1611641
472438
-682344
-694917
153057
890291
1903753
1435384
318773
1922212
1227439
439478
-864324
-1741576
-35569
1704911
-1984734
-1371520
1298764
-702515
-165202
368332
-357877
-460753
1236688
-1962655
1796293
909468
754314
-670803
-255006
1481528
1999585
923285
-1461844
-572659
-1123782
1823423
1619862
1952776
1326830
-2069661
94215
628986
-1948825
-1047353
-1869577
-1274756
1485312
1830114
-870875
388111
1307960
-509374
-1320049
1663248
-1734717
-1679991
525863
1476516
625313
-1939249
1088307
1965937
570741
-762485
-581996
508481
-1527424
-2667
1276810
496431
547444
-596602
-1394649
-448696
1099364
95100
-1882137
-1708483
-380775
300563
-790556
1251586
-784233
-1098514
-7489
-1340535
-1133570
-1153620
-96943
-136060
920353
1300006
-2082883
-1218926
-861822
1457386
797111
1073144
1718054
831517
-1178893
-590547
580405
358189
610025
-23718
-1430518
781172
-867157
-1340816
942261
-970716
-209450
-1166845
1787753
1553840
1724870
-788752
843022
-1805922
-736337
-515235
-1285635
39662
-1967050
960832
-643372
-958087
739536
716678
369166
596677
-241853
124229
2008360
1597445
-60958
2032174
-2070181
-394216
603686
1822811
1140790
-1307600
1864037
-75637
-1003851
-1257575
-165306
48645
-1272027
-1049606
1742339
-629364
-268343
-1103097
-898143
-1402864
1884414
-490226
108726
821637
1589006
1451983
1318190
1010191
-1064698
623510
778780
-795660
-1390797
833633
1309931
-199939
-1475225
1895459
668391
1680693
-62348
-965756
-1502685
1791587
-1350057
-219636
-2770
-1970512
-2071648
1291292
-1804375
903183
580900
1991215
-967153
338028
-372485
-508720
337072
-1645643
292371
1716918
963447
-1673829
2035762
1822173
1064932
-885433
-1042263
-1827258
1988547
711040
157368
-1021091
-69242
-304828
1935709
1466007
-430034
1713182
-530735
1838895
82662
1256791
25378
-363364
-24521
1223425
1258640
1099046
433988
947909
1877167
1550011
338924
-529617
1067579
1206002
288772
1210392
-1802303
1360669
132323
299250
336771
-603093
-1318778
-1947534
-399093
1544964
1855201
-1341254
370575
-580160
2017839
2010048
-182338
506991
1517833
-1173262
1965989
2001370
618586
-1767818
-1626256
-1972407
-799274
2042963
800845
787103
-1963566
617181
447273
-725279
1277447
-433607
-460421
332631
1095458
-1665305
1194658
1337597
-91968
-1495607
-853170
105153
888396
779048
-1959413
-350053
400613
-393719
-1402693
-1860576
1665622
143811
200028
-946732
-70023
-2043185
-1360396
-112587
-482151
-575254
-1841295
-1334942
-1510336
-2011432
-267267
1969856
827284
1542261
311443
1424550
1101308
156188
-526294
944127
1529671
-1943718
829134
454918
880392
1047713
1014087
527277
370995
632878
-466036
-650167
1305780
488740
195837
-1554082
295621
1343992
345836
1188192
-227348
564090
-1495942
366979
-2039922
913761
471577
-1685086
266210
-1461968
1523278
1903088
-1739012
764473
-1623760
-441780
-693551
1422447
-1099747
-15690
-1490459
-477424
-581837
-484795
-700708
-1939660
-621518
-1529517
1643709
-1246553
-1087840
1835080
1053931
-1885380
-920152
-525494
415571
-547048
1502290
959000
1564991
1677425
774114
948757
-1532591
1701257
-2072301
-1528945
-1875581
-1352370
-1487394
168676
-1638023
617255
-1196610
-2051943
1671840
-1537114
771802
-945968
-2098141
1284433
1232588
-801262
812967
1924320
-1545541
-317655
-1219971
724567
571056
-519576
-1477129
-343230
-1075708
223671
-1562470
-2075021
-1392270
1817277
504746
867566
1430220
1607369
1089709
2094429
-2074009
-1006074
840454
-1612518
-1982091
125649
1910486
624651
-27808
1241906
-1260594
-1698322
-1980576
954258
854322
547312
-481124
2094382
-774623
104332
-2014899
974248
-1051316
-935365
580717
494276
1727602
2049270
-1441957
459093
-1996448
-1392065
654523
935403
1650556
-352668
280595
-995274
-1306309
707204
45151
115797
1635929
1219511
502963
-768527
1367977
-1892936
-2041240
-1160947
-772388
1657158
1801316
-175357
-288502
1606700
124076
1436820
225169
-195680
-678980
1442806
680436
-266148
2078387
-1680509
-358569
1266812
-1562103
1447349
-955882
1378868
-1587374
1565967
-254564
1474993
401805
-1020214
1694814
454307
417584
-1219320
-1002956
-1891407
-1042583
-1075778
1201440
-580588
-1741093
815906
-1882891
-1383683
-1640059
1060724
341175
990729
-1774346
755371
-1988263
529239
1499468
500395
1107893
-597712
-115526
-1489019
1566621
-1952624
960139
-785018
-1216573
-28743
798512
1554518
-451201
1211386
-1374751
682380
-1711304
-1830424
584150
-1032267
-1062332
-875369
-306188
-519863
-1364251
-1603240
1216773
1176972
-555334
-715257
-1101366
1297535
1154900
-1663392
208511
1417957
-791001
2080573
-1627245
-963625
946607
-518744
-1459031
-628625
1136993
1036826
1751877
1161186
28425
760124
863064
-119712
-903890
-1562300
228809
-208618
697995
464949
1554003
-458579
528708
-66591
577688
-1274106
-1734916
1973842
1204800
-1369811
-1409509
-907324
-1894529
-140705
123647
-973047
1238113
-272038
-908480
-421847
-985331
-1276377
1211300
791544
1862199
-1233022
-505923
1455811
-1901862
1357712
1890301
-1646296
1781373
316770
-1024206
197246
167030
-1225514
-640198
1423286
290676
-783469
699219
207775
-780686
-1637714
-2067697
-1801739
50120
-405684
1078029
348997
-791220
1572614
130287
-259905
-1746769
2033510
-13039
-1568107
-1090363
-1284508
-1113192
1429959
-182639
398476
-1054248
501015
461558
956617
-1736763
-1935084
700168
773064
-454101
-1422262
1084129
1274273
-65559
-645924
2061866
-58899
-296460
-1024252
681346
-1324977
-1069483
965123
1275415
941617
-1764593
-125383
1673728
-2078045
-504197
61496
612830
245550
-469505
-1106780
-909415
-774221
-381979
1054266
-620183
1431985
977824
-53621
-1436010
1846002
-1487439
1102462
-437195
1329549
-452213
143931
-28947
-1243268
-861554
-1129278
-1285078
-1306071
-1683057
1150503
737202
692435
-933281
-1040744
-1514626
1442251
-1557935
746160
1444346
587610
-58935
-24793
1943231
-1997692
246649
-1736981
1748070
1335576
1906559
1822167
-1350655
1829452
-1875652
41609
-1686058
-1605555
1792858
-553522
-497038
278217
504488
867045
-569220
-488183
264025
-541102
-1074995
1630009
1146600
917251
-1642119
-396211
568440
-389032
-1618673
716650
-1428897
-1959412
1246583
-470397
-1740737
1835486
1729233
1030421
2004647
-2050740
1218753
-1587285
-1554203
679108
567021
-1854630
-1293053
944723
-1757590
907554
-407142
-1709205
-1115865
1401671
1562085
1524632
1992242
-1967741
-895991
-1091192
-1165452
-265888
-2010271
-451383
-1207761
-1420016
1339153
-1080921
591076
-1379219
1286207
-1264356
-281739
-1545139
323263
1542094
1177117
1220380
1395428
-543327
890439
-790652
-1929374
1444997
189632
-802426
-1345191
997864
434974
-1553754
967212
140225
-57315
-629751
693377
-1644651
-826724
1842700
1654256
1122709
-39796
-1905745
-1661927
-1576265
-1055737
410534
-1506234
-1560492
753561
559601
-1900473
-1298566
1864801
-1263724
1882157
-1533671
1007700
1312756
300054
-14203
-1168823
-889905
672959
892666
622246
-43037
634495
517225
-488801
636461
-268336
797125
-504712
-139390
1474205
-1464710
1054218
-537279
1753261
677519
1122665
-1965456
-1269084
1942013
-1790884
-1998191
1881793
1328100
-1248281
-1935772
-661256
-1168629
81408
-1687208
-2038926
-1145691
-541609
-1752139
-329379
-353714
933049
-1357252
1720731
-1906682
236871
320977
-1372933
1203660
857998
833767
-1324362
715703
-1295564
1848418
-14876
-1720517
308736
1130727
961485
-922107
-1470107
-1655599
-1088081
271276
-957681
1388316
-2077921
-157844
-405830
557017
-1865544
1381853
-2069451
503505
1554922
1689839
26271
-961759
1593016
-218765
-374216
729207
-1225600
-796740
-876979
1865633
-1048348
-2001679
-1095905
-1426594
-1589644
-893233
804093
884471
-641409
1954356
-414663
-1124135
928950
1348713
374474
-1428689
-1465254
1333621
-1028578
-767744
-669983
-1077623
1395896
1192451
833827
-1548123
1804310
769725
1773348
-57243
-1008284
-1228838
919346
2099406
1458940
-2050348
-362544
308001
1421096
-149485
-1094895
-1945690
1115976
1336192
-17330
-523030
918746
-390154
83331
-1716279
40829
-284685
-655676
-444692
531303
459447
-2074748
238304
419847
1129685
383462
-1930842
-130364
-1595039
-1231137
1409089
874647
-191197
-161183
1567879
-199998
-984162
430777
1867510
232447
1544624
-1124855
1715900
161712
-580396
1753800
-746599
906506
-826105
-1204936
516654
1615588
-1164359
718473
-533409
1685755
951125
1070561
-2049681
248213
-385440
2066266
-1010997
238400
2025777
-1499818
1351680
1668369
442834
-103575
1749264
-114559
-813602
-1492642
1818328
-223
1960184
990290
157374
-942011
1371954
1598015
1260439
-1462152
1822203
-1817578
-1272674
1451923
140352
-1876590
587153
-281457
1705830
-1127130
2045285
301689
1183
609983
1118486
710599
-725531
-723377
-966799
1887591
1298437
-593557
-1606523
798903
-1004966
118593
-1305621
-1516181
2078848
-1371926
-88457
1068107
-854185
-1945683
-380181
-1183737
1000112
898490
1325142
1596376
-1315912
-647318
753584
351335
396753
1400704
383894
-2021628
-948902
-1676831
-719941
-1038922
-1572476
1825384
-1758692
-832876
1474261
-624813
1988870
-1572784
1339583
-1723926
228072
932695
-1482539
1136698
-1205090
-673346
-1020525
1737618
-1637451
-924164
-1813796
-1229279
-981478
-1178474
1875648
-1268639
-1440235
1080377
864095
-42322
-1143439
1090888
570478
-46716
-204083
1098391
470535
2023071
80230
1929917
782110
854738
1214679
-1873823
-1103671
-978128
1494956
-211760
1483390
-691260
652196
1241145
-352131
-877419
-1516903
40139
1544646
-819709
1763816
-1826358
-464662
-1566621
953451
-1761568
1398988
90149
1204492
-1844413
1936096
-324007
288813
-884353
-1241603
-217717
1531171
-686543
521032
1331326
1314289
1664364
-310254
323674
1695738
1146821
1021556
232728
-261189
1274288
-1229231
-1588190
-1376402
-342082
-1583119
-1004725
619053
-45975
646654
1153768
1592503
-1383976
-182080
-840826
-768246
831218
583133
1085489
-132987
498904
-1409773
-1168570
-568038
-1398830
831030
1954659
100358
998788
-1383460
1806694
414074
-1325805
-1253562
-42664
1584540
-1357504
454293
672259
1489922
300652
857993
1851886
-1368732
1682371
852294
1612593
158118
303942
-660574
1884990
-67629
-931721
596510
2019046
309193
1833013
1587152
-219503
1659439
1941152
118722
178468
-1087668
-1398124
1989269
77116
-204594
-1410750
-571605
-1747067
1856643
-789392
-170893
785948
454370
1913284
859468
-1774067
349137
1483223
866728
-1681610
-894811
1156152
-788598
-1495373
-628836
-1647855
-1206630
-1177546
1221452
1529759
456625
-250457
-810040
-886340
494464
48137
-1074690
825339
-311912
-835822
-89961
1649433
-1709448
1532413
1630335
415712
238270
-532769
593443
-493295
-100554
15793
-638297
1863705
-238957
-445678
-455178
-482180
-1841731
-392900
-1709272
1515577
-157187
-479424
154236
-187790
1720970
1813379
-1681244
194374
758599
-443324
517976
475342
-1680895
-2035030
-1898595
974044
-474826
891695
1844826
-973170
-1373227
758075
-1033498
1424346
-667505
1296992
-201277
15673
-644675
670643
265305
-496980
1040247
1665174
-1809758
1096015
1953303
286235
1765250
1495254
823678
209695
2071918
-73523
247611
291992
-1539116
1944456
-499262
-915396
460245
-1238206
1117240
-1851829
-1171811
-771
-818026
-1785073
-1453090
1597762
-1866852
-1111741
-1935997
-2012322
632492
-408721
474702
2030872
-870593
75222
1331035
1628302
802986
337069
-26700
-1567276
-110641
-824248
-158843
-904457
973533
1910717
-2034727
-1769803
825658
108054
-29435
73811
1073852
-1963392
-1071846
1830875
-605633
1195776
-595193
-1329993
396599
72994
-1267024
-59516
1070562
1885957
1182610
726938
-1347957
-681997
1948656
1342985
-1809586
-1336944
542469
-1631520
-574525
1747182
-1997658
-1444877
629105
-151473
375107
-71315
-1769537
-1214993
1056134
489657
1478832
-120138
606865
-1400233
-118390
1147650
1951708
497849
527429
2086246
-1376975
-1777319
899814
-1863890
-6879
208941
-1818867
761807
-762752
-1940348
-337593
1209012
-1552694
-334141
615591
-701027
2061527
975647
-584365
1091553
-1178233
1810770
-1090110
-2030417
-1395943
-1174841
887864
968083
1542293
321835
1628108
-26559
1655226
-440153
-1699682
-164184
-1980376
-191896
-737482
1250179
1302901
-815339
-35996
-941650
-1358620
-158324
-1630879
992290
1067333
1271412
1761750
-1954614
299233
-1920734
469720
727533
1387266
1983859
924359
1997755
208183
-453542
-2046517
1820191
1265925
1033223
-1637260
426329
-1363656
1188377
1201293
368220
-1694063
2072810
16147
-634217
-663936
-1179208
-1130482
-688434
1487867
-447319
-983458
-1435121
-704654
-1110990
-547056
620578
-720777
1967329
-1344435
-1962901
-912473
-34949
-842300
1001685
1683286
-1982996
798110
-450151
898089
-888217
-612001
-274299
1316437
859935
1424209
878350
-204907
837987
-356732
1228502
616982
1162636
-1220148
1765389
1764800
1456087
-361066
-1520580
-260059
156212
-1496928
-1263812
1031054
-2008020
1412790
-890225
209831
-432187
-1110089
-937058
1759287
1354505
-931045
-6599
1980593
-803371
2063877
-73138
1008908
1229865
380369
940717
543772
1066911
-721078
1254448
-746751
776512
529205
335014
-1843450
-1881644
-1340151
-928370
273779
-1977097
-1603763
-197584
1518167
1186341
1223286
-1253466
1080637
-1588201
-1445082
-1424295
723771
-1621092
-206273
-1466887
-1685636
1341884
312257
-6290
1502639
-573676
250267
-1640045
-1961800
-1721698
486364
1847661
1740398
1416672
-1302175
-668249
-863053
-400507
-1952201
-966158
131548
-1752605
820275
-1017551
-473986
-473240
-54161
1732053
374117
1818910
1419496
1772919
1219237
524920
1950797
639119
1605714
290371
-377565
-395810
917397
1824005
-1770197
-364570
-1773356
1314624
2007033
-1986752
-1575318
-2074624
-931703
139553
806015
-1813863
-359202
-1268115
581042
-503724
-931495
-368579
-2089595
-96478
1800586
-183795
1516839
-655877
133268
247545
186970
1278830
-170806
563303
1745260
450127
896780
407021
-773017
-2070135
2033827
-1943471
2061744
1887319
1419930
1924682
-545572
108365
-280083
-1284364
1344646
1926571
-746432
-1406679
1502218
269092
1956890
1860147
-1411412
-1142236
899707
707944
-1920821
215116
1161169
652857
-1918665
-191025
-664683
-532505
492598
-1121468
661050
275693
1963730
116357
-877179
-1312668
266237
181847
-247953
-94671
100982
141727
-518496
420910
-1147283
-272433
1863084
-1428836
-1977462
75289
360718
-1989850
249807
-616978
-115739
1247860
-1743077
-850417
642530
1906958
-307622
2048320
868509
767928
2074989
1315332
1418978
1150028
-421831
1705003
1599436
-1726956
151518
-390571
1113599
-367295
872723
-685413
2029863
-332390
14015
1481014
-555612
857163
222465
1490086
904125
1927108
1998901
-619902
895018
1471243
1489008
458780
-1221707
1742048
-1904215
61476
-1395033
-868603
1727681
-1369027
1389104
1012504
-451693
1127904
398202
-1932539
-698081
940274
-135942
-1231920
51415
-1467514
-1706117
-1470427
-359806
1943530
2085369
250844
1646993
-472070
-936984
865712
-1184798
-850707
-315383
-277136
483070
996878
-2003842
-963890
732764
-1097042
-701713
1525159
1824444
-1378426
-1317713
-1908760
1544698
-949928
-134553
-305845
-652534
1049628
243514
145049
66164
-1020828
1630551
939001
1320800
1015689
627765
-145338
1403797
1448043
114538
-494548
1053457
1258050
1029141
453556
-151300
1444423
523685
1937351
1835637
-1893554
1260291
-1498721
1923167
-1971663
437293
1575864
-1356052
979525
848182
-1728795
1212306
1903854
1203702
-1255381
-1838948
1138499
504027
-1082603
-1908257
1573472
1280991
-369807
1645297
1284545
833740
-677032
244339
1357578
637455
-582388
695678
453182
-509452
570545
-1306543
619160
1625100
1483211
-274734
713241
-50772
-576561
1085967
-1831687
1340923
-1683867
-2045968
-1868434
206898
-38884
585111
1145419
-890709
914929
1177627
-1584447
-1876337
-1608894
2082579
1635038
857093
1184228
-2092758
621150
-269577
513162
891813
1259522
-1112994
55046
-552245
460723
1556876
98510
-1224695
682571
251489
698210
-1443842
-2053957
-300498
-186091
1101153
1974907
-369838
-1655362
-1834714
1978383
-393143
-1080394
-854151
-1835452
-2032130
279928
-170141
-1526443
-168969
1424830
-885957
-2014254
-355059
24587
-1405839
-350264
1056521
-257514
-1292199
1401859
1289841
1664131
1613940
-1755243
-1470803
-885867
-1966581
1154426
-445142
-1904062
-1931114
994345
345777
-1671874
1253307
-548856
-1628095
1551024
-606188
-499954
-23861
88055
765360
1943907
-1220747
1323804
-2054861
-271123
-1873214
1536953
-217182
1201017
550836
1226850
208208
1328504
1357620
-594312
1541834
1619944
-1542176
-1108439
880219
1427025
479849
-1495117
-1578315
904464
1474497
1793345
593253
2003626
-2075427
-1272852
845178
-677779
-669778
1722019
545662
-632893
-634428
985957
1043628
537532
-1004529
345568
1843836
-1228667
-1797673
1653808
-1911134
732427
1430039
-1907329
1783544
-1807948
653259
1785361
1423925
213959
1396908
1149789
-1834491
-943593
-1035601
-1564681
1731741
-1078900
-187724
-506652
2092713
1476728
-1301802
530036
1295353
-66117
1699005
-251036
-1156034
-970114
453490
1300562
2054561
-737007
1273673
952990
-384577
-986228
1754078
-603797
-251663
2002394
-1038683
-1585991
1798352
-133908
36268
-691398
1374441
1213636
1381909
1949801
711193
797549
-1543329
312179
1265706
-1895422
1519834
585513
833733
-1031590
-510191
552151
1573217
692036
-1865202
476787
-1614047
-1217839
139987
599393
1293770
-2030488
-25306
-440081
-1996159
1942556
1515149
1420649
-1206187
716574
1814087
2012202
-1653701
-1909969
-1114272
40159
-1832274
967880
1239450
401146
1734431
1362535
-910059
41663
-386626
-1463626
-2011316
-1108157
120037
-272523
1183118
48808
1742733
109970
-233467
958752
-1814270
51491
1982983
-1346775
512850
-1977495
-1675053
1683591
-1878177
2094260
685891
-642147
793616
525963
1715716
-444515
80273
-44267
-341718
1392300
-885153
-971561
1890820
-1777734
69889
1282748
-196858
-620129
-101164
-1651598
-373643
1440941
-2091535
1244363
-865440
345413
-276056
1945873
-1840018
1083869
1849532
478814
-1016940
-689659
2047469
-509298
1825754
-1938670
-1412395
530989
-780490
-198460
-1951352
-1816448
-1604304
1360195
2072069
663246
836992
-848835
-1475274
-968349
964749
-1393725
937829
1413068
-437748
147732
-970841
-207510
-1109849
-1939030
118450
-208629
492171
-1841427
-1515998
-1113740
1943
-1996770
530408
1331431
-1839135
454152
-178702
-1351289
1480692
-901095
-821563
-1471414
600331
750319
2076451
-35410
764664
1797750
1423513
71706
-924640
-676765
443848
-579984
532474
-1745077
-1642222
434896
-895827
-105443
-1378161
724665
-1071510
-1406519
239569
1021474
-318401
1690772
-300910
1595196
1590534
1311579
-1501871
44097
557695
1722796
-804666
-147895
-899956
2035993
-1036018
-1639703
-1600908
-1316961
120925
-229557
1450171
1979351
1752628
-1569933
563720
-395676
63914
78967
-365048
-606259
491676
-832204
-1885131
459963
950347
-24734
-1715304
-1095080
-1116690
-371246
1046183
-2075895
140550
-1526675
-734197
1802861
-141977
-296904
-1069558
-212981
-37113
1853477
1575640
-961349
483463
-659538
279972
-735959
909969
1815043
-683191
1316395
-313529
715210
1525652
1788083
1423169
-1022121
1543961
18068
-1593463
1197620
-131625
-128373
-1006618
2079287
-1015962
908422
-397160
1155335
-1866508
-807468
441352
-536415
2072656
1316637
1333332
1723434
-1451770
-486394
-32739
-279414
-423637
-1385846
745166
-497385
-1270584
1299190
940017
-1616845
-60562
-892065
-1376532
-1867454
-1709633
2080528
1148374
-856141
-1263719
-929527
-733146
523456
845638
-392655
-925808
-1293003
557582
-975277
1909161
-2086151
274443
1332200
-315666
-534449
764837
1779059
-1712809
591816
1270547
509736
-346002
-1561637
1319390
1696774
1395678
90610
1670907
-1179508
365600
-1315633
-966180
-721591
-1066888
-1572189
-1735989
1316734
-82845
-515712
-1306770
1131363
224243
-1281260
-1531965
-1504956
-1246152
784192
635165
694781
-1919870
-908615
-478855
-1765751
-1430688
1198241
-1105448
-519174
2055788
466174
2053970
-954438
127300
-1441927
1769430
-266691
-221752
460074
-1429419
-830223
-1289584
1054696
196766
579518
-1262988
-593639
1878108
-347138
642756
-656090
740333
1751977
1151815
-439269
-1369513
598781
-1260370
-847005
1756466
-467231
809457
1022193
920352
1055297
-227416
283926
-1553026
1855841
1484802
-144543
1994662
-1707729
-1521659
-1031439
1810664
-1611736
-1502420
-642211
-84239
1812439
-427153
-1547085
519068
692512
-677292
-1040185
-807166
263373
139063
1021418
-697617
914549
1105432
-540564
1040859
-1896980
-47187
-647272
909226
-2062758
-1679675
-862011
1739737
334664
-481795
-997830
2098967
-1116418
-1689859
-1294223
752142
-186522
-1071525
1031318
-671690
-574960
709650
-1598260
267896
-396076
1898177
-1662535
331209
-1321069
1466051
-265986
-711938
-800744
1176485
-1782054
522938
-686349
1340587
757254
-1659008
122639
-670692
-979138
-1845105
-60320
485625
-54316
-796428
-279940
-509766
1038189
821333
-1375034
-2077256
406582
577756
-919786
903719
-1900716
1457551
1446457
119967
1236507
209016
-306330
-1624722
136911
1183950
-1759729
1175009
1405150
709986
1709628
231152
1108562
1420914
855025
1961465
1153861
-1049801
-1599461
-127094
1882236
-500287
233775
-1285453
33257
471757
73880
-1276892
-1255392
-715973
-1423342
-286062
399523
288604
1585303
488645
-411031
-294059
-662640
1073105
1335433
-994918
492826
1194879
1778165
-918717
-1088785
-1989672
-649410
-199631
873049
-1945036
777478
-455353
1965490
1390158
-692757
-230368
1362532
869285
-1403567
2054256
288009
358506
-1546608
894964
-636241
1911468
634365
1427098
-1911908
1348848
-999438
-77561
1942345
-1115782
-407140
1377633
1542263
1873443
-1521347
577315
755445
-910029
406933
-569911
1344060
-1126043
-834013
1360456
-644749
1757719
-1948543
1272652
1138871
-441229
-277142
-610001
-1335767
-1907925
-1782340
-670575
1029078
1916049
525034
1936215
939484
-1478731
1205609
-1910680
-1027936
-369918
1278368
1080862
-1382576
-919757
-832337
-1557761
1275945
-1890712
-893351
-601525
1482005
-1678106
1910472
906133
519974
-574371
-1915545
-601344
-1770216
1061843
1725721
319374
-1279826
-1185155
-1531442
76871
1642633
-962274
-1300434
241101
924523
185218
-526733
612736
-488158
545230
1309613
279012
-1227679
312070
-1260840
-1003499
-1540050
-867827
-1431449
428519
-2053480
767887
1835458
-1331110
-631043
223739
-2048083
-1216233
878604
-743873
852596
-1570240
-1614410
1945499
30579
277938
765424
-261908
638648
-914544
580193
249415
298684
666221
-1839802
187976
1202269
-1311362
-964412
179695
637380
266912
1928598
-734747
-177358
2083236
626420
712776
-1040760
-2072533
-442593
-2065253
61770
680228
1573868
-470349
-605970
-640021
748216
143906
-851122
-1631912
956189
1736394
1498904
-219185
722929
767308
-1306051
-295998
942994
1226476
-791464
-1918211
-1881056
-1257374
-196201
-187051
-1655760
455253
-1844329
1153008
701268
-1312711
1024124
1561288
-1566850
-447615
-585488
-1651927
1018509
456469
-1701100
388444
-447033
-2063829
2088215
87468
-1594585
-1552983
2032754
1063399
1164128
1265352
1883699
277783
-391760
-1372005
1563251
653049
-25683
-536096
-1686373
1321929
1683518
-163910
1599962
1970557
1881965
1820561
-1196999
-1798058
1646878
-740178
803592
2010134
-1808923
402179
824824
1255680
157795
1758660
190304
474411
-258834
-1532485
775452
-380004
90729
294015
1624858
325999
-1400794
1515460
348118
899571
-1686584
-4010
-1150898
1218671
-980192
1022517
555999
610511
-1069360
-1158231
-1557278
299509
1694149
22037
388439
-639550
1353877
-16819
1689301
-1058401
592775
958451
1934441
-634879
1194106
1487498
-866478
1599904
-302875
1206536
594695
-1929443
1874791
640063
1455820
-739992
935183
600662
136991
-37879
-1321064
-535655
-1178385
-1418551
1954361
-1971107
590094
1077075
618315
-231016
-1608800
1271365
-653827
962918
-1068238
-583786
-1905600
17152
2040219
-625750
1539449
-163049
937410
941434
201816
-51610
-1760116
1773333
-1379237
829364
646740
-1754315
-858463
1045578
-307409
-1514278
-1140291
-1826806
-1883822
-4948
1242186
-1857174
-306533
1985069
578518
1994304
-257213
-1672403
-2090138
1371044
-511519
-118484
-239901
-1662789
1249245
1129716
1355891
254623
-6651
1350844
1667721
-1958387
1351539
-1653072
-1852850
160055
-959820
-1706231
1256969
1260321
-1054172
-667804
-348620
-1343469
-983265
-1972159
1664131
292355
-1343603
-479857
-363555
2093336
2041437
853954
-896860
-976008
1368101
-1186305
702216
1439227
1426552
1847217
1144316
1597795
-414631
1240918
-943163
1132297
-1232449
637613
-1081467
-1848231
1928139
-1896289
1835988
-1101333
1795760
1418340
1376545
-798197
788929
-512471
121889
-1448193
-1190324
1448734
-1829260
1431518
-1957764
-1843208
315085
677470
-207719
1027183
-757634
1720542
2088515
1348426
42775
-1660773
-816721
1360640
81249
1336452
1408858
657018
-1032517
497539
-841875
-2006101
-984502
678480
849075
1526275
32648
-1761969
996704
137189
1023676
1933284
-543006
-1524245
-1208842
1641918
-536408
-510546
-650560
1142392
656535
-178574
1036409
-142752
-1227648
-2018877
1402089
-980153
1748903
379500
-344813
-1054470
-1955148
1770430
-1487417
-2075243
-1624504
882469
1488210
1508509
-901488
265619
-1662408
1681641
96374
-1630071
-178103
-696105
1438669
-1793075
-692532
-1420808
-229942
1389749
1801761
1654407
1042718
1071100
-1066295
-287924
-129239
-1597843
376301
-505875
1526962
277881
-1392859
1528724
193064
898135
-1066281
-1421228
1241353
822910
545062
-749661
-1763913
-1792385
-1822148
367375
-20893
563720
1508525
-1798138
707037
-1032843
2045286
-1213439
1848021
-276273
-42569
-1730549
-1200439
731226
1012299
-1710631
-712481
1758013
-389156
167093
839545
-703125
-411154
1304020
-1134134
2065869
1449045
-1347033
1215984
478012
774946
875471
989614
-1452499
-683639
-707206
174177
-1762317
858610
579082
-905656
-1693306
-1640963
921645
697634
-408684
-2008569
-1462282
-223142
-71699
459638
-636618
167707
-572369
-2035020
1077713
715332
2034985
-1343544
-1367849
-329462
1132133
-1699996
1653064
-617277
1851572
40091
349205
-1501749
1051634
1572276
-142253
1782939
-834053
17694
-1504195
-219803
1657543
-1474307
1032838
1136733
-761506
468283
285693
1527966
-1343407
-944127
479712
78176
1065984
-509989
-1115918
1736271
1198558
-651410
761224
-277825
-1936699
-394086
-902553
-681152
1557752
-1173229
982826
-1070635
-1233392
-933334
598845
1347082
502894
1286228
760944
-92851
2060376
2074247
1027385
-2001532
-1319185
-1185042
-1141645
334994
-785889
1147980
1528294
1435886
-931910
-41761
-1661977
445180
1499283
1178074
383962
-1030135
59405
2082123
661567
1125011
1109112
1434338
-1028861
-162789
-845852
2035399
1875561
2020746
-1268596
-822702
-236350
-859395
263918
1265743
1928405
-1753717
1563326
-433755
-961303
1917835
-1387619
990610
-1101296
929224
-78479
650129
-2058671
1599668
-1943117
835192
1050416
-1410883
110991
-828300
-23767
930832
1688907
1574709
841125
-2022699
-1274026
-1400728
-1777056
-683062
-207658
201819
-1859540
1673637
-382655
-2063195
2045518
-1880521
-1086102
550537
-464054
1888502
1801320
1484066
542165
-1425639
2032323
702451
-238734
-1580523
-736150
1098148
2085296
-1088583
-1617966
-905517
-447434
-223019
393822
-360819
-151313
-2001508
195733
-472673
736955
-1939463
169484
976568
-1902524
1983589
-911950
1445975
-1602964
-2034070
1032962
1247877
586424
-1159456
1160748
230523
1675508
-372754
767155
1948290
2392
-1137760
-278644
-1137058
1434090
2094830
1092372
-219078
38042
-110439
-1625019
-1761065
1245355
-1817416
-2042326
-1179825
-578288
-1330631
29774
1517007
-1832723
-378940
-1642939
-1210692
1650754
-1177848
-1045989
-1350947
1026060
-1645468
-1277489
-1983375
-1810880
643120
-158754
-1869615
-1212102
-1440023
519957
1946104
-1895439
929073
1033967
797870
-957156
-1086295
-964952
-423736
342020
-1435132
-1111485
2048054
667090
612156
1620420
502070
1119220
-1774880
-914729
305039
1977005
485605
-1323687
-252054
-908377
1498452
1933048
-681968
1598975
1191364
1915909
-151818
1244202
1690130
1096249
-1053093
1620597
25927
-484902
-2038014
181080
1632973
1265486
-1530414
-270645
-494538
493223
2086613
929840
-1877533
1325630
-1372312
-509207
1569584
1298627
606464
1724387
-1621375
1837277
-220771
363634
579243
426226
506060
-1136596
-1628240
1194617
359650
-1769646
1833129
-1212821
-1425791
615600
1620926
-1728642
395896
-1596719
-204961
2088649
2024356
-871422
987407
2093342
-1279492
736437
1630832
515113
1595781
1463153
920639
235149
991269
-214160
-907824
1875312
936328
309452
-1243904
1561540
-726775
1885826
-315535
993826
-668645
915008
-2034791
-1294197
-1074692
386843
1437200
984542
-1316259
-766031
385249
511113
-559917
916046
30554
615688
166997
863017
912833
1493471
840905
-1280279
-1357014
-1826661
222414
-1218353
1453921
294549
2069891
-1931121
1155804
-45282
189383
506959
1942685
1348029
-691237
408548
-762289
-1071533
1620892
613530
144542
-2029508
1066495
1329267
890153
1811270
352609
608588
-160102
719324
803392
-921347
-304398
268189
-2085856
-726330
-1982711
-201847
118194
-1897612
-1337510
-732028
-1733707
-64438
-150617
-1563596
-967253
-1308983
-2030380
-1047525
-899435
2071656
1864300
926801
1978447
714222
-1449752
1659308
-1740811
-1416682
1620257
836063
-292366
1751424
-1565796
365302
56282
626310
701340
32949
-644523
681163
548878
460760
-841430
691593
-2078412
1846543
-647568
230057
92961
-1841683
698814
-1056020
994759
1014722
-1597016
-383178
230018
-1153979
1350783
-1968901
1032793
-165013
1199541
-164851
307614
1905915
1305995
-470365
2027808
446358
823580
-1520089
1706670
1072768
1908251
1528218
1492237
-1123851
1585794
794846
-322791
-1224197
-2043729
840453
-1866293
-871828
-571004
1775166
-1486795
921498
488745
-1415955
746108
478048
-197093
-897651
-1798636
-656520
-909160
-1199648
-70639
85777
-467773
-1788198
-387288
-11821
486610
-287779
-481779
-275247
922182
895056
-1007689
-2062249
-1125301
-177981
-1314927
-1773824
52397
1181966
2041778
574147
-102432
180141
654369
-1306268
-560178
-1939658
-913636
-1655446
1183520
-134003
-962508
1120562
-1476748
-1138161
1590369
773314
417076
648626
-438592
-23283
-833284
-2029027
-345517
-271279
-1267007
-1263619
870851
114867
-2016060
1449109
1549304
1689712
1391065
-1314487
-382434
-565939
-309726
-1003438
-1488009
1604298
433341
-1817014
335270
-2039502
-1692631
-633286
-167153
1025022
-1659067
1678740
1128216
1461347
-738831
-1073842
611496
505097
-418371
-1721536
-188913
-569605
1163785
279504
-1741013
905518
1884750
615991
-2048264
-1552204
-1510837
1346534
-774512
-300202
-1048108
798427
-1286514
-856712
-1375628
1526477
1235242
896437
-35135
403387
-2010435
-42519
1082623
-1084614
1624310
-1426824
-172094
1835721
138493
-1833448
313145
-843167
-676270
-79955
-1443723
-6990
440654
-1102631
164103
1645965
-265973
-1097257
-1025216
1926328
-1512053
835919
2066506
1616452
-1947707
-950041
-1157917
228510
-949179
1196181
-1244312
455819
1236043
1770064
-719639
307448
-1597678
2054748
490986
1489958
1867344
1662014
391188
1050522
-481318
-694334
1309651
1157773
-750730
-318385
2034049
-112557
88780
665943
753004
-644009
-1656521
509922
-1014856
607280
-124844
505357
-420018
556159
1899044
827607
480575
-306717
414506
113320
-1000161
-1268444
1040702
-280450
-1537185
-1201803
342598
912649
-783504
772257
-1908947
-1985406
1813794
-1292987
-2079346
1114368
-2029406
-661193
1600132
-728639
438107
-353294
-913833
1977988
-1958047
1985285
-286610
1707848
1435214
-1806349
-1890271
41340
-1113624
1210630
-764230
138368
1217629
1002981
336542
-746065
-113938
1251279
-407688
-1959232
-2012873
851826
-669328
-2051688
-1435377
7850
-617
-886731
-813358
939837
754147
433914
1399258
649213
737223
-535426
-1826005
-715856
824768
952877
1526490
1888700
702224
-1069371
-1152722
262809
-2006493
-818163
1971998
-1672728
-1701660
-2017928
-790942
319435
189651
139774
-1687859
-1765517
-525643
260290
-400738
-966292
-2047107
-461440
-2051197
1996323
682010
-2787
-890124
1312431
-715242
-58374
1788365
-964328
1769316
1231719
676959
509850
-814352
1391914
-1917651
-542567
-1014921
40788
542547
-806690
-576303
-1180012
1968447
270800
-322538
-948683
2071785
514704
-887262
-2062122
-1528331
-1184438
753568
-28482
-1444248
1792664
-1317263
-1230126
-1372827
647568
98325
1807284
-360123
27242
985948
-1669027
304573
581756
-1407032
1786006
-1019891
-226356
1534396
1142587
-758555
-618953
-73570
-1969889
-82102
-1365279
-304371
-228539
-1461897
1315359
-150526
-1167501
672128
-1657870
327154
-958735
-1721463
97027
-851691
765124
-930976
1486271
309284
12696
1576879
1271700
2045152
-921189
-525801
-690433
768791
-1700268
603349
-1365081
-1368707
1051123
-1400615
1075137
265547
1085164
-802993
1682371
730694
-597104
53858
377030
81417
1534272
1366312
133448
487374
1496899
-874050
-1931674
1591451
226681
-1731570
-545034
-1817929
-1665739
-794349
-868627
-752936
900371
539933
-2040912
1449262
958595
676504
-692227
-1365039
-1814221
1496697
222501
289289
988889
-160398
235127
-1331194
-555014
1329423
-462748
-1386347
-1874410
1244244
929252
-1271788
1827503
-406793
-675498
-521094
-115461
-549057
-269669
1844554
-1092614
1433037
-507153
-876893
-2080172
-1028509
-1402111
-2032324
350943
446378
-1230368
-844072
-725816
874839
1031677
1999813
303079
437498
-391027
-83455
1242980
-61834
-1914255
-554738
5119
1464433
531989
1520531
-1156385
321472
1355309
421096
219626
880191
-1047253
38296
-44679
817069
-1702758
-2005257
435126
-241804
40488
1439787
-1155847
-1378298
434142
-157086
883356
-534830
-1749397
2028438
-1377757
-1790041
-1470231
1947271
1971522
366908
1805686
-618101
-415857
-685692
-344428
989586
-146975
1112400
123344
-997580
-1097564
-1693312
-343909
-1894915
1270113
-39920
85835
-1287750
-1236166
-923978
773909
85219
-598152
-650300
-902102
-2042405
1973337
-1682303
-659096
526181
1396023
317462
1271657
1079206
416038
-280025
-830225
-1623730
956220
-1964497
1739894
758495
474356
2016407
-1821610
659649
-1612397
1596
-2037809
-1990615
-1040859
393520
1472759
-1659247
-1509293
1450687
631492
-963665
-1656558
-562157
1549421
-1538170
-326850
-67213
-1881374
759412
1377812
101103
-2019028
-1375524
-137182
1815799
1672947
-1843755
808439
213842
-224049
-1420116
1385928
1238973
844354
-1167803
-952743
1105991
-1695878
1073600
-613634
1630176
2018661
-501860
-364375
1370834
-710494
1177361
-327419
-464104
376523
596553
-1553532
1479829
-1457454
1502
-637115
1761953
346157
1006752
1539459
-125661
877280
-1474149
-1715683
1310156
1309762
681013
137170
-1728636
-114998
623930
584740
-2090
-1911066
761227
-1170258
-272958
1339144
1632417
901805
578717
1427093
1729754
1454914
-163093
-1325043
-267566
296446
1284565
-1500459
509769
-1644183
-622597
1007111
-35187
1436185
-932348
-446839
-664394
2011391
2076048
-1123202
127873
424526
1965529
807932
286115
-1655367
-777489
-690583
1832769
1130266
-549708
-2032585
1490482
-1436176
835376
-1796246
2012065
569170
2030241
-2091301
165712
174947
1076382
-80314
-502357
393894
1355829
-307766
-129662
-950078
1014412
-529733
-694992
617021
-414034
1330717
1708093
-1410291
904365
-1678404
474579
1221584
-1988678
-1802242
873324
1744557
913155
545025
-84655
228475
435884
782160
-1747073
-919751
1965111
-127238
1405161
-1506587
1791545
813627
-517302
-1592604
2079175
-1040331
-1067700
1379791
1293621
1302783
-1879665
1905811
-915857
-1721833
-1730487
-660259
1285333
-1570360
787359
465295
1169036
437007
-410587
-1480388
271220
-1432225
-1352155
1639045
1443021
-1877246
-377483
-1594093
1384393
1840923
1033191
-1719399
1502829
-434536
2026469
-1463691
1023882
-1244081
906434
-818882
-916055
-1524081
-709720
1769769
552679
321536
-1532774
-1162117
441456
-807984
-149080
1883286
787399
1703870
1418609
-2004547
-2064015
916534
-1840261
-14802
-542650
421149
150744
-583568
-723295
-122592
702870
521565
-53992
1658051
-596716
467162
-1068507
-547360
1981269
1843346
-340120
-1758400
-1860124
1724044
-799699
1140338
1457303
1665858
-1462894
-1459761
101469
1571003
-1240112
-1237329
1461233
-1043588
107227
-1757309
1855479
-1413556
-673565
427922
1986192
-781942
-586074
-1516463
-939066
885098
898887
-2024064
-1563841
-1655990
1901961
809166
220840
768001
-1206968
343855
-944437
-1637694
554955
1476200
-650095
1738814
-1553207
-903762
554838
722668
-1418662
-1136830
1776245
448919
439935
568108
-32502
-2048700
-1471543
1711120
-295521
-385408
-1306411
-348383
1884880
-360044
374682
-643891
-48680
1505938
-994721
-230919
236201
-1928403
687965
553212
957393
309800
-812111
-36781
1940357
-594951
504284
714606
996549
-608217
-458915
-634985
-1263648
-840736
-1976262
-845662
391840
-1473079
633151
913143
382023
-373776
-859121
-560427
521868
-295284
-838826
9036
-2021759
1740769
1194694
-574471
611957
-901689
967398
-535786
334457
68329
-119996
-1988079
1278010
-322286
-760592
1054022
1594604
639121
1176884
-1787667
2070127
-1931087
-297428
-1907881
663306
-871711
828901
-1298712
1217715
-1861801
-323240
1332924
-1176990
-1989090
1229080
726630
-766853
1031146
585523
415417
1789330
-60509
-709927
455953
-344707
-408375
485647
1949763
232155
-327345
1920467
-413813
-1236411
1650151
-1627856
-284149
-1674190
-32865
-112863
-1363096
-516040
467169
885044
-1998429
871496
-427570
-1177759
66800
-172227
1998308
2066179
1793994
-706564
1678900
749247
1843400
-1182080
170784
-1561306
167079
-1009014
-1167243
457548
1968230
-210140
1853182
609298
1058057
1217558
2037977
677799
-1280869
473866
-1207267
638527
-340642
-1974501
2044629
616958
-304355
1341156
-312653
2041826
1596252
-1275460
1581084
152201
-479914
-1118983
-582378
945974
-1467269
-44486
396551
-1675629
1782783
1944989
803774
1342640
-1812972
892136
-865802
-1911195
-1025951
1412897
-729094
1762525
910454
1547656
1811776
-228545
-713517
1975887
-158148
1928152
885652
-1174526
-255297
-1008783
408496
-98081
454400
-1887305
773960
866261
402294
-381236
-884635
-758428
837638
876900
1405354
-556279
-1136563
-974052
-769238
244705
1219382
-1141838
1600711
153584
-1305390
-1656119
-135899
1942331
493775
-711149
-1782688
1971263
736522
-1415173
-443491
-362216
2000648
-625273
1862015
-1198675
2007061
829791
267349
623093
-1885629
622590
-1077803
162727
55944
-1257552
-1762874
1455171
-1118713
1100759
-902605
151965
1170836
-261855
1880870
-956279
816784
200139
-24530
-994389
697898
-1750543
-189247
-1817513
1004325
-413096
-310200
52789
1545377
182487
562649
-2029407
-896110
-1786234
-1783299
608668
-2030658
217336
-745183
-1161258
1817603
1750915
-1704579
6622
1886335
582935
-1465665
1434311
-68985
634322
-139965
-1418076
-109885
-684032
1110993
764278
274978
1922788
-1676247
-79839
-118688
1483246
369301
1958637
-1265570
-244902
-2040330
2030822
-853589
1369042
-65109
1125761
1248403
522214
-1399756
-1729833
-2043626
-520141
34562
189322
1007968
57181
-1779688
1412013
1175219
1791789
401085
-464161
-2043875
-1123730
192476
143955
-1167280
-1365466
1004088
1986547
-25469
896849
-427741
1382885
-959173
-1439279
-238132
-474746
1865526
-278917
961185
-1586555
-2007579
938825
80011
-400914
-2030309
-1890079
1569594
-1597178
1165023
366834
1522115
-2094556
-1303861
-198560
1187730
-551604
967956
1112872
1308053
1218343
-1439250
158153
750854
-645656
1057071
-106425
-1148796
-2050280
-1346108
-1463865
1343651
-1185184
-1146139
1056344
-360018
-642718
-1860960
-1276602
480553
-1258129
-303769
156136
150501
536887
-225683
36734
-2015393
-1394327
-362095
2080421
-288472
-1126292
1059822
1114771
-809029
161115
447454
-2083401
1982109
780579
894592
-1455594
-1844872
-1551911
792525
-2053979
-1994046
1445509
-1309663
-1773463
1322568
590839
1282436
-1575803
-647173
-555893
1586804
-1318423
-2086407
-130751
-1313441
1140205
-1262440
638204
-1632996
-907706
1425581
749477
836576
-547415
-1933282
1079574
1776309
1573612
970577
-1736714
-1723861
1283488
-1130308
1787293
-892446
356114
-943709
1786553
-715402
-1805246
-1966165
-525977
-144965
-1911276
470536
471168
-401980
889598
-1411501
-1312243
-167276
-1209137
1435517
1072205
-1816542
1672341
-526640
1797498
-993885
-1212326
-1241926
1266287
-616413
15133
-1531374
56259
-1268430
272239
739684
-166295
1578265
-2030101
1357107
915805
1950798
950724
1917057
1718822
1162727
682662
253478
1782293
80215
-211238
719798
-1727236
-398104
-1279204
-1149744
-382452
1010168
-54464
-1970028
-792962
-1279868
1863011
-1453083
-674557
-1702666
1449115
1812436
123767
1788172
-1586094
-1842128
-87623
1273119
-1640218
-1023064
-227966
1102863
687810
-841972
-1711072
1019842
1789796
-1198747
-2000909
2086221
241066
683045
922152
-1479865
-901900
568780
-284280
-1754581
-1076099
519172
97120
524902
-714908
-1784511
276821
-950860
-1017331
-948847
-1901074
-866946
-434403
-1625593
-934655
627669
1408653
-182752
-1910695
34300
1283943
1367462
-694103
-1032562
129243
-848638
-1066677
-131685
1534588
-894214
-503631
-1606467
-331438
688482
-1565695
-1074968
1291572
-1688967
-422405
-1467870
-1040796
305977
-1317514
-1273287
824406
-290393
1235680
577509
-342881
-1298133
316480
1645817
-1419174
-127716
1257474
377615
1608303
-1961487
-190906
57344
304618
1980690
-1559727
755491
-128004
-1363974
-329073
-392301
-1306284
168397
-1189473
-1624599
-1411804
-292099
500806
1520792
-1643668
-1530413
-1607611
1275886
-36926
-1663192
-1130606
1548002
698725
284135
1942715
783957
1968003
-948045
213364
678911
280215
-1270013
-1792556
642328
-1743627
-1715467
-1457908
-648265
-1012161
-1932276
-1713728
2072004
-638582
1344424
-1719377
-1587817
-321747
-1497679
1649992
-413982
1556152
-1034315
-125670
509796
2084286
1651819
-932036
-916313
1900682
-1145225
469312
550273
-1899299
-1294269
-1369565
-1115248
1965101
-1567355
1579680
703292
1553312
-1138474
-612639
-1014436
-1915117
1521455
788856
746465
707653
1859533
1544098
136018
-1606142
-1222818
1491968
671277
-827248
-238627
-1900844
-47541
1805069
230376
139210
-1837448
98075
-37614
-1254051
2087730
231649
-1659586
1645195
-1721818
975796
-519651
-1288909
-1918345
147520
-992306
1442977
-1439920
1400072
1435313
-827579
665662
652733
-175001
-675749
847988
2086670
1035356
819488
182254
4458
-1868837
377458
-1011947
-1002232
1102
1252317
704775
-1720923
-450849
716120
933812
1812443
-672945
-1698101
-1276327
-739478
-1144335
1917204
-1269859
-533291
783908
-1138292
1592451
640115
-1884160
-845718
-106328
-1745661
241525
-1709701
800012
415277
597711
-596634
169385
-1866656
-888425
-781929
-1054019
13649
206845
-416556
1954513
1943220
-130040
320590
-1056124
258510
957690
2014757
769927
-324322
-908984
615128
626808
-932485
1258709
-544895
1385659
1511304
-611570
1355558
-1634193
1130779
-1653714
-701868
1800996
378050
-1192942
316209
-1356626
1508573
694582
1577922
-451343
-1118907
-916706
-845155
618212
-1030507
-1150198
-1942444
-1342608
1230047
-1539045
-443409
-1164746
-1639197
547921
-2091318
1421108
-2019625
-1946521
-1978220
-1716285
-414563
536963
-2090861
170251
215870
-92231
-1941255
-1185793
1484754
740382
918061
-1071938
-695732
70878
1707828
302030
1753782
-1393822
2051995
1744001
1440020
-2081345
1721252
-624069
-410816
472203
721599
571757
431882
-183368
1633580
1871639
-2005732
-40215
-34321
2005043
-2094057
1580700
1094564
219586
-1249784
-59266
180378
-1281746
499900
-920664
643062
265374
-488819
1984028
1540554
1328336
1286058
1920848
-1968291
-556189
1903086
-1106490
-441930
169986
1325157
1275176
-869091
177887
756748
1422439
1609385
1645660
-244028
-245944
-469646
-1014615
-1626931
-1212502
1487427
-598455
-234545
-406309
-1366549
-50277
-2052052
-1505550
-1204659
444847
-1347388
1627525
1075780
1807735
724717
1147228
-1088548
1051574
-1350393
-67840
-1848656
255915
331075
-376062
-435625
-412437
-1199616
1266314
-1142004
-1463293
138619
983783
2018561
-2070346
-670683
-1050208
-1207784
1681948
1085967
-308335
-251013
18078
22702
2049331
-2092963
1848612
-193554
-1661384
1529904
-564730
2011440
-202565
-862767
-403934
-924057
-692741
-1316754
482332
1367889
-486441
1130923
-1082215
-408842
-1926017
1425556
1244912
1313261
384048
-1636848
1368461
1971662
429086
-49669
900170
-1614392
-671570
584099
-291772
352984
-1130426
209003
-1857485
-600009
229825
-923982
1808187
376910
835824
-889884
-1858332
1770331
-1777263
52519
1178826
435859
-641541
767909
1213400
644465
-1199150
590686
-165179
-856745
-266693
-424789
-65207
793059
774395
2064321
591923
75769
913123
-1207134
-1712439
801022
-575244
656837
1369562
-2066262
-90010
571107
-957126
-1903201
-594318
1355917
1621632
-458233
972927
1009381
1767401
-1052182
545237
453652
149333
509610
1440150
2048765
693616
116888
2010969
-1092361
1054026
-1722425
745605
-1525280
375157
1421128
957427
-940628
-658531
-203823
-373320
-286947
-222298
-430350
-1128833
-123655
215900
24938
1548168
402467
1721938
-1385126
1133842
-753655
677519
-1878355
-1049284
-1586164
-1249526
-1542859
-1972918
-752407
-890337
-2050044
-1756797
801088
812755
1371422
-1557572
-1025212
-345835
-1924662
-1658784
-1038086
414895
-439933
1076323
1034617
-799841
1584551
-972371
709593
-108764
-1936210
-1826382
1107975
22277
1500740
-80154
1472174
-694031
1479557
-1569338
-1601680
1235890
1204977
1473455
2061910
1652411
-902229
-1684723
758539
1611605
474035
809735
1345523
-69032
601368
-1588878
450837
-1704264
1209651
-1647078
-430374
1457414
926818
-493469
-56423
-1453177
-692069
-81864
1123400
1963799
-196283
-23970
-1064060
-1676632
795912
986529
1121109
873874
1623331
78244
-1766365
1991216
1417948
-1163344
-374837
53049
598608
-715476
1212312
1067989
888719
904021
164600
1911552
482877
-1757138
889453
-1834119
2090337
-986284
-1302231
-1391753
17725
255527
-1069830
87548
1414509
-340031
1176189
706388
884090
1985611
-1800107
-1390252
-2021858
180267
-207594
1107324
-486521
1191729
-606457
1237542
-1462298
550250
-545220
-2062812
-1037555
275216
-249712
1317105
-1080882
124408
737803
-798773
2037173
549031
-1915922
-880591
-1380004
1874717
-231382
669458
-491045
922277
1633876
-1971860
-2044980
-1848462
-1322328
660919
-1015306
102782
-14978
-1143970
865963
459931
-835982
-580896
-967952
1945270
1808040
365472
1713032
762534
-2074584
-1720830
-117308
-1271556
596528
2010066
-463376
1070929
-1862221
-995538
-1092759
1367415
-1558081
1185286
1556771
-475189
719077
2076184
1621590
50948
448020
1718315
386320
-327185
-1956982
-239431
575817
2022746
1830298
609473
1904290
134470
1941577
-596115
2031163
2046413
-1614574
637246
977129
54081
168471
-1787266
104027
-1422665
230857
-1457818
-1323913
-1721996
993865
-1825561
-333800
-226063
1379569
-1820718
861516
-1417301
1257601
1092869
-2070672
-190513
-2014981
-1227051
-1180759
1337112
-1561209
-1118566
375469
1628585
-1026884
1077921
-1543169
-1748591
1905955
1681777
-456390
1015124
1177436
1119265
736030
985142
-631397
712644
1243558
-601993
1906567
198557
-29880
-988534
1290191
17974
-898078
391312
-2012148
1001073
741043
267953
801777
1934119
-436958
238558
-1314378
1007287
1220283
-317348
-363983
-897582
1038126
1896058
-229628
154025
1272692
-7967
853896
-1504278
-1599728
-419871
1126001
1201904
-1851041
1595491
1820863
-898064
-516270
32911
1203536
1793221
1198467
-591392
-438482
1255225
1942755
-978649
216099
-523668
-1685193
37021
884141
-286732
-1794739
-447046
2035905
430375
-1075413
1546841
278696
-1120212
1426328
364019
1004852
-1238103
2097633
686608
426976
-470771
-1651466
-52534
-429664
2070281
338778
1825590
-803949
-942429
-1126218
1663010
-1906921
-1304201
-1901224
-102656
18801
-98157
-1585969
1361816
-1716988
314017
-1101442
-953097
587744
299830
-1185648
-213768
-587483
448249
-1263791
-1059937
1410147
-715932
-602028
-1208733
1252239
1852429
355243
-979278
-1716295
-1360621
-610120
1895925
1327585
1852949
965325
-223185
1609262
280969
1098117
-1289368
1444889
1080501
1027482
-799904
-1654926
-772472
-1466239
740532
1605159
119336
1319782
-1591416
651582
1258252
1969224
121039
-505985
1309951
-1310946
1670614
-1448574
-8747
2082430
-774448
506646
-784338
837279
-302633
1813182
1958396
7598
1113035
642123
-1053854
1479841
839947
558280
1525832
-2005610
1234209
-1434952
1807316
-1414019
-535087
1315698
132116
877733
-789246
-84396
1218149
1117966
-680179
1433055
-513429
2094005
271614
-1019558
-1496609
1144525
-292911
-889277
2023353
1333765
1285504
1540000
453000
1900625
-926147
1610088
-210604
-444916
1783370
1148793
2020193
-1871311
-624783
760199
1773385
-1355317
-1603318
-1940858
-263015
-463785
447631
1627781
-1056411
-24748
-1536916
-849390
-1437903
-1048369
-874860
285809
-457892
606234
1944549
844968
-65032
-1992918
1450965
-721181
-1188812
296709
876570
-670699
-475298
989453
546894
608180
-1755844
-1576304
-2056830
1020352
495311
-466990
1905132
-697577
-1009194
-55853
1531495
1360856
563417
-1993343
143363
-1071892
1854403
440609
989288
-265631
-465783
952294
-714819
432924
-331010
1334035
-751291
1800070
694047
965693
7429
303030
-1639381
-802388
2002161
1171997
-1901352
491064
1571269
-1017710
-329450
1210635
-269145
1367398
1419227
-1125767
1046801
1711859
376881
-1894665
1671763
-489616
-1837188
1166239
-1256461
-327380
286186
997148
-1353713
-567890
-731622
1268605
-563824
79719
-957595
-557063
-1794037
1197212
-1620627
1338697
1655637
-1636192
1627409
1096492
-806477
1104420
1767325
-603388
1176785
289588
641571
862399
877819
-1297909
1526856
-310326
-1606017
748998
-621923
332278
405847
340828
1479999
463580
1157021
1078136
-1264468
-822293
1584041
-898892
-2036545
1889771
7360
434364
-1492886
215597
1527485
692268
1674076
-1948061
334154
-918269
-1995715
-1353642
-1769186
-1309945
533013
1376270
-1766692
-1714678
483608
-538698
1072077
-1738323
-2042531
-1452023
205929
-1401807
-1180099
2000409
-1078150
1803191
434599
-609255
-972895
1492378
1028939
1096888
-2066207
-1668706
1015948
-1989026
-1038416
657795
-598458
2002734
-1499438
953334
564101
-2043810
-807459
1446909
-813204
-1228398
-1880069
-46357
-2051041
394519
430815
-383472
-2066692
-346309
1889008
-754824
-955861
-2059254
928178
146576
1793255
-460616
75866
-420404
-52613
698935
12564
-1110174
566270
1160083
-1066741
-1280924
1624606
372238
-1310675
1248413
-349190
-1250699
-934703
604731
437502
-1505590
1154787
-35687
-201123
1039510
-540404
-803100
-1049950
855234
1366506
-801149
1800627
-2050181
-1690318
1751403
-1492930
-259118
308931
1415092
764680
-658285
-1282238
1200547
1117793
931704
-1931309
1516494
1659427
234703
1806501
-347456
-501463
-840594
104273
445814
1512941
-1340330
737806
710761
-1004027
81627
835884
-1299525
1472806
963789
-1037556
1051987
1332592
631489
-139501
-1433072
-1249321
-541044
988814
344675
188060
-1772429
585565
-1722688
-679024
-268764
310038
-1630909
1627350
1503238
1783990
-2014000
277693
-1841041
-1214741
-412334
-1014473
-1712990
1980583
-941346
1779993
1225966
-586502
-404692
-99563
1900940
-759425
152891
364270
-1270496
1940787
-681580
807983
1185734
-1621640
227454
-173653
-1233077
-700713
1241147
-1103297
-1585626
1238793
-239138
1182679
1005291
1169587
-1445972
-1887155
-751977
-1499400
-1904632
-1133540
50748
288927
-1415026
-380250
1671876
1264412
483508
-74689
692893
-1175712
1428677
-1696941
-1627001
1069224
1876293
1983297
-333220
1625274
1935667
1988514
-2047794
-1232504
-1866794
17169
-1480591
-1725454
1588228
-1609127
1526297
1575622
339819
91251
239888
-1554164
-1212075
2071895
-46655
956095
-716703
1501067
-1174902
2099881
-1569156
-1783205
-1324424
-1373916
-711952
1744342
1754443
779207
-376990
-981831
-679567
-1271184
222541
402524
690642
-1569018
-2006049
363132
-346748
415224
-268459
446419
-1008374
-421113
875202
1486526
1298203
-2042926
-1974645
255593
-1704782
-997480
-835037
-1008328
-37994
-621997
130251
1263009
547822
-335464
208542
95068
479537
-1929813
-2034885
1573274
-1228420
242264
684930
-1012516
-728308
-601643
1060240
-1423244
-184789
-195382
1717478
-2097129
-432046
348056
-1781033
191434
255104
-45151
-1331630
-165464
1604323
-1329538
874830
-579318
-1968857
919386
-1218023
1545999
-300359
-1324436
-631950
-531786
-185946
-211619
-1559770
1639487
-1733277
-266174
398189
-1463329
-2008065
607821
960349
-907068
-459064
-171844
-1219918
39368
1010764
1336091
-1718430
-384752
1853348
673047
-225553
947558
907010
322076
1490945
2042656
-193478
-414396
100186
86253
624791
-1751959
-732840
1300216
-1881369
1622371
1760341
-388218
1400080
-1588904
1547138
356556
-1375647
-1170776
2084119
425445
-834618
1597617
1590771
382608
-1719916
1789318
2079868
-749272
-875916
-1871115
2002270
312563
-1903489
94289
-372650
-1582797
434237
-477138
-1751109
655686
958600
896233
697170
1420156
-785167
945117
409305
1824799
-1450344
1811326
-1228007
-1511474
1337066
-926177
-2097470
-8972
-27149
1180452
-1926784
1912851
-29528
1187319
-1621559
-1793942
843707
-260478
960158
-656828
-1591699
1201789
-1574117
-906953
-667819
-1273632
211764
-1268090
829653
-2011513
1252565
-2043270
-1136999
-156741
383170
-1761206
-440890
-516845
-303317
-732814
-511125
-1877717
1910172
-316050
120028
359317
-1595358
-575760
1811627
376195
-369700
871694
-1023903
948669
-461286
-343705
429469
-1047790
1689266
-587767
-1729022
-189126
901628
-713031
-1909147
907195
609705
1661646
463193
576677
1036147
269347
-1031022
654178
-1425352
-203137
1852252
749067
-1813896
-1562098
-519128
1537716
1338056
1815357
-35246
548210
-42162
-486542
1290101
-162067
662166
1212716
-946048
-79263
1590530
1777959
517189
-1573578
1426831
1023000
914357
-739220
1064079
202901
-1378104
-96848
1534218
-1357985
1239581
-328217
-1018721
-331932
-1974459
-636858
1026656
-1800135
-1623390
-103986
-1517728
-1364151
-2012990
-630590
-1532989
-1242999
-1111916
775429
-1623837
-753827
-774486
67385
-1485097
312771
1296049
758231
-66338
1952685
687017
1437958
-423533
576209
-1535933
-971906
-296299
-1285075
154655
-1985154
-1055695
-1812744
-1295287
-751643
-819982
-1610894
1598310
111945
-83939
1981178
-738828
776575
-2058245
489377
1582279
-1250406
2050299
-1161005
1636453
-1946015
872352
-225613
-77235
776107
1890572
404815
-566280
-1072249
-672552
-629817
-20546
-891646
-1974005
19891
236238
446755
-2000172
-123264
1960090
623212
-1842197
-1292202
-1006443
-2013419
-975050
1096766
-1957930
-1924666
158946
1934719
930904
-376940
768400
499861
1539447
-609552
1031992
-760070
-1605656
-876345
-356199
-1985298
-1765229
-695005
130230
509734
1638561
-1909846
-1573609
-636067
884609
-67373
206113
-116560
-338232
650896
1211848
-1963935
-1138957
-632317
-1103591
1659329
852221
-2036552
79434
1711020
156868
1966821
-945959
-1992746
-434325
426870
912546
-499684
307775
-2085220
1840534
-1724333
-643720
1483423
548660
-993500
136544
846551
1842799
517604
832750
1947113
1598790
1799760
452476
465224
-1998648
-1637390
-1089356
-106564
-2082331
-2017333
-1382235
-1193397
-168001
-1490398
-707714
71990
60437
1786424
993715
-1520911
-952510
-1599079
851662
171109
-715668
-685577
-47235
1126644
-97544
210712
1765832
557307
583984
-1869708
-1068108
1258322
-1241445
-267906
533846
1514332
-905250
1606755
-2058779
1970073
833842
-119078
1665177
-1763346
-1753251
718692
1615799
1960653
1616658
256435
1268272
-1474475
-1599217
-650027
-1545375
1145679
1381920
1320062
2039890
-1354396
-247915
-2002316
429655
845470
810989
1006435
951609
733543
1424311
-1296019
1687490
31274
552829
1278172
-1557187
1094912
-896163
-1357799
2054753
1483859
-454983
-2092860
538000
1261550
1798186
1995452
-1601593
-40085
1568139
-526028
-574341
2051188
1706812
516113
1102142
-1062949
-107528
-596270
-1260198
-1778875
503360
-702196
-658303
1932678
331284
-674263
-462563
131180
1158733
-668285
97822
-1142234
1926079
-216801
930486
-61268
972845
1282140
1087982
784516
-1502622
638592
-551736
675866
1055742
1254723
2006627
-949348
-243702
1944347
-1393229
-455497
6517
1747892
932903
-1836918
1776057
-776207
2058507
101324
869150
1635767
1117268
-1506001
1230468
-106421
1215689
-1292661
1740005
-1403118
373524
961256
200239
-1272650
-972973
-1284674
987257
120453
1128349
964579
1119348
2091897
2007945
1303294
1183523
2043584
-753174
-865050
-482656
263521
-46574
-1745452
582800
-1239693
-1916257
743830
110977
1566383
-1069884
1397071
-2099211
778943
1046588
708074
794395
-885038
1582377
-1189659
160246
306564
-192869
-1842290
124879
671523
-1189084
-1201143
-1737234
1728929
677293
275158
-1534140
-51879
1736556
1242537
-81213
1400235
-327403
461151
1630018
426748
1345506
-2027120
1720563
1094247
1458098
89668
911001
-39737
-1209276
1049277
591975
-81899
557403
-4837
1700084
-763153
-568469
1832748
1619614
1707399
-1618629
382155
-1006553
1639359
-1170153
2060227
434597
591299
75968
-529481
-744170
-455436
1892151
65793
1006721
1760043
-28916
1448393
1196770
1265426
-1053942
-868677
677520
6962
-601927
1306034
147397
-1134235
681285
-1557717
-1279066
-1376477
-529300
-1222978
1988879
874697
-1601284
-1228649
972076
-782630
1358589
485563
-775561
-501738
-154768
1304685
-1429129
817786
-1857344
765980
-1304555
-1015569
-829924
2056173
1863806
-1442082
100970
867202
-1411365
114855
11954
1707526
-226615
-1552951
113484
-1892405
-278292
1474498
-387999
-1046407
1183871
131770
312862
1287012
-948832
-952315
-1941979
591442
1736551
590023
467574
729272
137372
343154
613626
1024289
715824
569000
-2025529
-1182963
595214
-1077492
2085995
-1486509
1544703
449317
-1601193
-1801384
-283533
-625894
124544
-1160290
-943796
251727
-1290781
-1733667
1460457
802362
2086832
-1742222
662989
1701704
-415591
848622
738460
-1414659
1248678
1986358
1687261
837379
-885647
-218503
13292
180269
1089125
574793
-1732158
-2078053
-1569787
81132
1573829
565943
911942
-970524
483027
-1845469
-2015455
-835119
-926763
-405632
-960310
-1255584
1012155
1788873
271074
1179097
432176
185378
375655
-1741788
1289027
977886
-1308343
1063627
1005112
1781751
1696607
326441
269388
1659081
-1499465
1715825
126682
1112784
-203320
1059946
-1409168
166444
1336396
-39865
1044033
-819543
-1404623
1412999
-1441961
448565
139144
1587671
-866475
-1566594
-58025
2077431
302414
1143997
-102769
-229500
1801058
-371479
1835873
336754
-1494697
-1630170
2047233
-51437
-325914
593546
-1685063
689563
1293530
-230090
-1616132
2069250
1761024
-509351
1742727
-916238
-294982
544898
1452718
1094048
-29117
440171
1988944
-1040769
1841346
1860829
495888
-446455
260039
921347
-846328
-2088797
-1958570
-854885
-2023261
541991
-1370953
668252
-1545056
-1318264
-1357932
934302
-1388892
-79707
1872579
1034564
-321263
-1917983
-1377973
-1887511
-784081
1115512
610992
-396700
-1581539
1993103
-1027613
-564067
1467733
1228565
1078748
57188
1588039
1885649
890699
127947
11544
1684824
335395
2046081
288356
1317230
1595097
-1319985
-926468
-1075008
-1486959
-629614
-1047773
-1094732
511708
-1280731
-385817
145909
1898150
-1941842
-24295
-1781287
498733
1518358
1365409
1976138
-416517
-1721014
-408671
-39284
-1326479
-475120
-263541
-1195612
-163453
518300
1319764
-1423339
-572941
-1286013
-188527
-1301245
16719
1505405
368663
1769154
422101
-300695
1899012
57579
-160085
-419416
-1132776
420551
1102314
286227
-1201795
-1366830
151257
1296961
1330380
-519131
-137974
-1366869
389504
1274277
-1535742
-355178
407262
-780302
-1375138
-1763509
1187919
-600809
150481
568314
1737436
-2014734
328245
1330682
328117
-659701
1801885
-1536446
411589
125233
919232
-2043043
23516
-1844434
-644856
19312
848958
775796
-516060
720932
-909667
-1211882
656518
1200367
-1175677
-1611065
-1679619
921526
731708
1085041
1954676
219958
43326
-1211524
395980
-1071316
409435
-257442
-95539
-1561789
579066
1491496
781380
-1843905
1336495
895044
278054
426438
-1398737
-1272832
1942853
-21819
1677333
611142
870158
734105
1401526
-277488
-301773
1914086
-505563
-582215
792082
1883579
-1494393
-1367821
-154455
2003405
-168395
-1289284
-1965955
441760
1037491
-1072012
1405647
630898
-1383765
-454642
2069636
-1741950
655261
1186614
1600150
734356
99482
-867458
898710
-1683182
439480
1364102
887097
-244158
-2076018
-1112753
-873353
-1249409
1958115
1948273
-369548
-96207
-1271478
68663
-843860
491559
-365682
-620827
1926525
-2094965
365975
542300
746813
364277
1085023
-1376993
-1956663
-1506298
-1672973
1204988
1646918
736506
1244945
-1721873
1244715
1875387
138633
90138
862170
324489
-1215224
974171
-903739
-1511605
831136
-209913
-445884
-999751
-857827
671029
1737257
198614
-1901194
427493
-1903130
1238071
-1606561
-749288
1633556
1238728
1364250
1152375
-231942
62010
528194
1803788
-1235337
-1576855
-287505
76293
-1330380
-1101488
-852082
1533068
2019705
-811066
-1481824
1488768
-1850007
1456280
573399
1996999
1281921
-1429499
197915
1457974
843563
-468110
1438482
-1585901
-1619738
1180742
-1081938
1646295
-1647161
45926
-1978903
-352514
704205
1344367
943576
1042758
1671006
-535605
-1375846
-222500
1592180
-641493
1967946
726226
54643
664124
932122
876931
267249
-216020
663560
1986000
-1066559
150998
-2015284
-255149
1004884
931919
1288177
-1167775
-140850
-346514
-729255
-220892
1148111
229852
1935671
-249059
-597424
1067826
168943
1489843
2019505
-273886
719655
1897653
1832966
1616377
-640278
1973513
844559
-1862489
1725288
-527034
1041224
-178791
-1389193
-47517
622935
40214
-1538769
-2076136
716291
1860657
-1985655
1771219
507421
-1030691
-783440
-1689491
305150
-1960525
997669
1310318
1492377
158013
-945555
-1078733
-145492
-1162353
1793402
1723504
-823212
-38412
-204021
-1693247
218059
835942
-108855
1516388
-1013374
-1140005
1052638
-443016
510750
1862402
-1284125
-1659848
338895
2095953
-70033
-1441045
-1317368
77277
2014471
1298659
-1210341
-1632633
276560
-1977225
-1122692
142649
-1510653
850159
218220
1350621
1037437
817333
-1215712
-842974
-402446
-421120
-579039
1709170
1893304
171096
232630
1577344
703934
-1526350
-612862
-1037775
873190
-687334
390252
-592217
-880082
-561768
2004802
-1411803
1862253
-605765
647205
-51694
-320531
-485538
994187
577322
-1234902
1347284
156760
1600304
-805986
897894
848581
-482024
367309
-1020560
-730887
1494510
29499
1294505
-2088808
-892128
-1089934
-250385
772009
-151943
-364561
-1658581
1046439
1203372
384130
567878
1626582
1956896
1644542
-103369
-736897
-412693
-989326
-752550
107824
778569
2084118
1813805
-1307834
-202066
-75953
717431
765348
-1491289
640917
-170198
-1506735
-1791715
242128
-1622175
241073
-983797
1628915
176907
965685
2071429
-1951334
1143892
-1763534
-584082
2097195
-956227
753739
192023
-1347428
2049649
-1674346
1259196
-264202
1989939
-1235121
-477892
-1104991
1625782
1844995
701581
-1826788
2000175
-1778802
799739
1085838
-957741
1018604
-111745
856651
176723
707391
2005576
305617
1695265
-1579673
1812120
-2052330
-925572
-404576
1297713
1600631
1799941
-1931625
-1764698
1987695
-1216626
849028
686972
-1606897
-1833750
-1151349
-791861
1797971
-1450616
588023
-1989337
487573
-1990425
402066
21085
-592191
-140009
1507481
-137146
-126007
-118117
1963218
-818708
88261
316600
-1198405
-893863
-1889363
1000609
-1679914
-1532564
425543
-1368751
429014
-1274194
-1353136
87621
15067
-22855
-971888
-2023885
1110256
-2070839
-1571969
476784
-1578853
1689428
-1316796
-568765
-1809499
1256302
-1754888
1627204
-1120567
-1077891
802438
728374
534406
892531
1812754
570403
110985
672104
-1829157
-1137569
-593819
-1059846
-1189735
-1381936
-999694
38953
-1383559
-1726388
802711
934753
1157642
-870587
1540678
-1412359
-102550
-1225317
574842
726987
-1441461
1469456
-130843
-1713612
1200043
-604402
1627907
-1586450
-1650665
-47043
-1837248
1866865
-984229
-227415
-1463599
-1953398
10556
1583986
-240634
445226
-336543
-657543
-966416
-1421996
-1938855
-987597
-1735205
112710
1891545
590360
1501148
-2071658
-455144
-1316449
-1493953
-204112
1101425
1726015
938733
-514184
-298947
-215579
-1168936
-507079
400698
872314
-159665
1667906
661462
74068
-1026646
-551635
-616671
-85384
-1630124
-1012270
-507552
519117
-1038528
-1186294
722695
1887687
-1614685
-122703
1086755
2067135
1550829
1453880
677838
1726762
712712
-391369
-2053886
-413519
953031
432390
1782477
-2055278
614447
-566404
-1184606
-1115351
-1807788
269756
-88320
2049604
-1047785
-2056284
559545
-802511
-1704931
819661
-2053049
1539841
-1724513
1918680
-73024
-1478747
1906743
953206
1874064
-904791
2014450
-940053
-640570
2073922
-1840432
-1425360
681304
288672
-131284
-1873496
164125
1571610
255586
601251
396456
1296611
643851
-41922
-1543035
1688266
-459021
-452682
-442375
-1454040
2094579
1092547
-1695743
-1495314
180370
-367760
-2026758
19276
-1702224
-1731984
739022
-1396509
-1569553
-181100
117126
1990845
-676324
656973
-1658802
521498
1057252
846608
-1127275
-1301860
1054207
1503905
1926822
-936836
-995249
-427743
173102
-33510
-2058531
1490519
472298
1364115
680888
870441
1886998
-1035031
-1493821
-1647246
-1659380
-258885
-1419174
1302444
-1663438
284596
-10051
1082626
2085533
-1236651
1609565
-1611631
-826730
1119460
-1720923
522836
746757
-1561053
1740591
-964895
-1521902
-157300
-1063987
1736349
-545592
641180
-2041470
1917738
-769875
-652821
2048082
-1850019
1728037
-1438313
-120846
1486941
-1924525
409225
1946331
1834334
-2095929
291428
662851
-1620256
711823
-1094343
198677
450588
-1447147
1974904
540519
-765808
372721
1106314
566617
1664839
1946404
-267852
1934671
-834048
1851816
-1661451
1990687
-1403946
1195819
-1955907
-594402
-80046
-398925
1982347
-1067618
1297417
-139131
-819331
445537
-1579454
-764875
1100081
-1599664
1223322
164175
-181549
-1489995
1270967
-1679803
1086275
-1898576
1835369
1974485
-1068111
962970
1908119
1712654
-417241
-1881119
-363563
699029
1285885
1143366
256498
-1264346
-1221601
-1527457
-1187859
-1449004
-336872
1485902
1453645
2098940
430531
-176814
974750
-1266306
40217
2079198
-1647355
878925
-1353152
-37666
-965223
1255647
516610
650341
-359150
-631250
1672687
320409
1320934
-31699
1695127
-411891
1928494
-349102
-456183
-198534
873289
1757471
2042326
323448
-2060315
-1889562
-293898
-200289
1655320
647045
-226618
1975013
-2091553
1053192
484230
1167536
1911098
-875228
-1927812
1301327
-1228149
981137
1648702
1698250
1962480
1657823
1633558
1723063
-103562
-949955
-1084182
875215
387385
-1984165
-1897681
-1666204
-1445255
1338374
1108993
-1037342
-1753845
-1891851
-707947
985067
-830437
203768
-1765545
835061
1725946
-1251423
1028830
-195317
-623829
-378320
-751486
-430685
761038
-1327465
287606
379680
-821400
675506
98556
-658021
1820931
-1499977
542508
1136112
-680435
-285353
140472
-1296961
1606581
-640041
-1822065
1341422
-1568023
2038000
1423792
-1435690
-983133
702902
652637
-1308243
989727
231219
-1970970
-1504504
-1434197
-153672
-923928
-1430782
231580
741911
1070656
-1149418
-59213
-1818122
-1454701
924182
-287343
385217
1943229
1834873
-1929275
-1859810
-1374707
-1368167
2040888
519707
629531
-312771
1485754
1874150
1163554
840703
-1342508
-1753490
-167674
-1206697
-726455
-2036065
1602258
-1711048
-1395910
1801750
-1982592
1557677
-320536
-784178
-602957
1901969
593947
734015
-1357156
-1412619
-1875438
1697736
-392160
-29250
1465201
137243
-792507
591864
-1729449
-1667334
685494
-1009424
787919
894523
-1131026
-509502
1552744
1336755
272401
98189
624988
-1146317
-152993
469839
1291366
-1656514
-924375
-118527
1148372
2062231
-1159809
249390
-1341596
-912971
-1634161
-1698217
-1610443
343225
-1064230
-321394
-749766
-396840
1803020
986392
573779
-2042674
1282986
-1340859
154078
-999878
-1824777
1470956
-765979
1513699
38518
527109
1102851
93969
-27647
1472334
-762008
926984
509634
-904137
-1742282
-749087
1729395
-1283474
-1042123
333102
-752110
-1984403
-289239
-846472
-322818
-1210552
-57992
-2006388
-439701
1429713
-1761401
1061127
-993894
-1465781
1947617
612458
370963
-1665000
-688685
1679234
11362
-1290152
189300
155779
1913158
-1090910
-564472
-930663
-1017026
-67113
1299745
1349804
1835022
766320
2095399
538634
-3984
-1253996
-1579233
-575427
400907
-179320
1810331
-229291
1357340
-1298502
1872710
988493
-964873
-2061075
1280262
-1479986
1549401
-223127
1925312
776999
-267694
-1718251
1199678
-49735
884928
145317
524598
-923185
1416697
1174906
-1258235
-851734
1177182
-850694
1609528
-1207123
-650658
-1035817
976957
-1026215
-1438927
-1660147
1948949
1884776
1821463
673348
-192201
-1809890
-1814672
-1085376
-940280
2035016
-1597263
1000268
-1697619
-901022
1678763
-1260773
-1498260
1681074
-1241358
-380995
-816527
2042106
-377371
1169859
562699
-1098975
456539
815111
-1679839
1088781
-1956848
1556632
-357252
-1821458
735375
-1542807
-1402749
1409834
134868
811337
191037
-454623
582897
-1129447
-1961841
1767046
836677
1440802
-1786688
-28510
1692538
25924
-560610
-1644127
-602210
1601255
-1626879
135098
-1009662
-564701
1013825
-593237
-1560739
-897214
-1893370
686247
-287777
-694685
590841
1471716
-145269
-544824
-1267252
-864647
298758
-1470186
-1207240
605620
-1047335
258517
-2046478
1623921
1712766
-1516464
-1170271
-1136650
1692618
-1020727
584479
671597
-1147373
763066
-749655
463814
-498485
617827
1486416
-326576
983884
-1529201
-1374853
-1277363
707980
1526113
581207
-1632964
-764913
487832
-591447
2089838
1173747
1912429
-556929
1656177
1058454
1437117
1144004
-889557
1484691
-630688
-267034
-426628
-986442
-716374
1424095
-639933
-654559
-1974721
-56620
67256
-170097
-375604
-165672
-1433139
683756
-1852306
979122
1998323
-776251
611250
-1791915
1781359
58957
-927017
-1788235
1999680
-344881
-969725
1547661
-365296
630290
-272175
-1919385
-128639
-1359166
-1234547
-649878
-1548764
1732472
-1396764
37318
-1998897
-1619325
267803
-27159
965875
-231907
-16958
-1542836
1495864
1893627
-820860
-1703921
-1483505
-1569802
1996998
-193133
235668
-846760
406006
-1924561
-1805802
1266369
-1020619
-1916119
-1652957
-749632
-2051578
-147369
-1923925
507602
1257190
1936828
-38218
-2067644
-1647995
372452
-679049
-834393
1205076
1886647
875611
1392253
832212
1721175
876624
-1861405
736671
-1571539
-574639
-534216
178483
-1724905
-1937975
-1607847
311822
1001340
-1459247
1571302
667544
-1038457
-1820372
-53718
704491
1228371
1908116
-435972
142598
339970
1516295
-1391026
1811408
157420
-106748
-210863
1743994
329958
612155
566944
265560
1846027
3299
-1497471
-125746
1192813
-1765769
703185
-2018275
933928
-546043
1629039
-197255
1765079
-1783952
-45506
625612
-1272203
296365
841617
-191785
-375938
-812873
383379
-1037018
572898
-1974476
1646022
1888787
1540201
2068803
-1500749
-1518223
-1991829
-1154975
-1409216
-857497
-614901
-1329771
-178564
-2011318
-961034
1967391
1377951
-337744
397954
1211191
-153599
-1095031
1664084
-1170392
-1549551
-401459
308759
2098540
926100
-1325386
471845
-1216803
-414370
1487794
-644249
-1379716
-2065429
1534050
-1449138
1900343
-220855
1464179
-376190
-516487
-969146
-1612256
1725933
-1435370
-994608
514769
849044
-96735
1022199
1472578
-315085
908694
1515869
796121
1483608
-170601
-161597
-1862461
1195833
97032
275437
-1021209
-1093091
261440
1429280
-1818089
749749
774191
-15055
-524418
158063
378287
1580736
-2033196
442752
-1851017
1845367
-2040783
923371
1326930
1343958
-1992152
-658976
450273
-2088590
634443
908860
1181101
1769016
340525
-1734301
-1419443
-1716576
1257894
-1937916
-630924
-1508787
1845356
1783531
-58939
1628603
1310171
596478
-703264
-134001
597786
1881259
229853
-1356122
767980
47779
-2078434
-1878790
-185668
1684595
436726
1353721
-721771
-1143005
1006608
1997158
-550507
1981137
1176070
-450033
-1186101
-783805
-283608
570817
-1491899
814573
-250449
-1340642
-307075
970527
-927672
-433640
1974748
958946
-1797465
1981085
1790266
46202
-1895263
-346030
1928063
-56623
-799830
1881748
1231235
-1306007
-1525792
417567
-203048
-1163924
-816218
-417774
475908
2026699
-1757728
-1822894
-1206709
-113187
1907472
-1384314
-1455765
-1288004
351747
-1652175
-1081728
-1501957
-1171378
-1140999
1608534
1506312
860319
1793605
-373886
-411096
782879
945705
2042118
-1784604
-2081405
-1426768
-1962904
1893982
-1320121
709415
-430070
-813859
318125
63316
382283
-1602815
770885
-1533504
254944
1931649
1052341
-1990349
-855008
-559218
-945194
-13028
-1532192
-338208
-1863582
-43509
-931475
-1404509
995005
1173537
1329294
-723377
1211353
1645805
-662797
1769046
1413073
61656
-308034
-1304186
1146287
22128
2073510
984281
-1697894
-54288
-308460
1052598
1446122
-1852383
418153
-794336
-1332210
-1956657
1980794
-659786
-1554785
-369248
-2058216
1600138
772842
1943748
-1984701
1845683
-1403629
-1367474
54942
-260849
-1504787
1458493
1952922
-1752387
551521
1431075
437237
1184745
1553536
-577932
291024
-120784
281970
1841699
-802797
570440
-286767
1570622
1767967
771176
581439
-2067575
-2098670
-459352
1764451
-1179514
-126112
549624
294177
209603
-329177
-1100152
-483256
-829266
-671600
162908
1090732
-563278
22614
-1266931
1035486
-495842
-1784718
-590556
-969643
-766495
-116555
-519437
597954
-1960240
1922228
-1117036
-1900198
1982480
910798
-1486842
-621904
-813155
-364432
1565866
-1622561
-324618
-780568
31262
-841794
-1884409
-87954
89804
402371
-660678
-292947
292591
1677214
1861246
35374
-651629
1258512
1058218
-768359
-1931835
176838
-1442353
37113
-473559
875889
-1517129
426440
484156
932431
-1878588
436313
1833544
1475664
214585
-1805518
185013
1898093
840742
-1364718
1028881
-1275280
974295
1003267
-1077951
1843323
1925412
-1598999
407908
2001567
1441717
1321697
-148223
-782605
-1197801
-1457978
827948
1178005
2034411
1384534
-670137
1206974
-998703
36819
962891
-873769
1415317
1767437
-218555
-1095676
1617202
751710
500301
-420273
-74411
1272134
571363
147461
-1541829
1020345
-1693429
-2038145
441803
349545
-1051962
-847361
1769690
-1732938
126092
1546786
-1433713
2003431
-134079
-1646082
-1211937
-1834765
-658813
874569
-1008243
-402793
-1090024
-272702
141226
1438634
-1662897
506434
1741119
1578266
-1864291
-1897307
2000071
-1897143
-766171
1413254
1088085
-1271133
-1814228
554882
1200778
157798
1026852
1808905
-139240
-1826309
1166186
2056489
-390715
893384
1279957
-2040951
-2094636
864711
2074145
-729524
811457
-1196339
412546
1351308
340224
-1114917
-1810106
1586094
-198077
-571215
-1522078
1418965
-504544
2066526
1173808
1612488
-1402253
1026892
2076528
357716
1115013
884661
1033858
1643061
1692865
-1959142
1272346
-1573053
-1188777
-1266394
860558
659034
-529351
1334383
-1507750
1459555
160267
-212874
-1785635
1127926
1610219
893331
1905861
164713
1850794
-1780686
248347
-617331
-960404
249243
-1645269
1857401
-175114
-264799
-1776662
1457737
192917
-511682
474690
1973245
-1054882
-180986
-1545475
-1127723
673847
-1681224
1066416
-1680896
-388202
676553
-1409301
-1141614
-1984782
-1587890
-1332638
-266545
753642
1575322
-14197
-1937703
1647519
-1002288
1763889
-125785
657258
1168533
528174
-2047445
-1800452
139634
-1755646
-1860735
1713097
-392985
-1726015
-785902
362254
903484
1742941
91905
1890338
-2053097
-302093
-217785
1349548
1130763
1084254
-1919015
-916599
-1837375
1722147
1997779
-498167
655810
-441664
634764
1278631
249712
1231576
-822449
-1751316
-1645492
74956
1277984
-1789349
467129
-2060346
2026990
351211
-1317584
-860659
828124
1724099
-259969
-2058873
-1768960
-1833783
2092344
29485
129023
573225
-954888
-2056948
-168696
-1575263
-498189
1676252
276962
-1986316
1530608
-702708
-580607
106241
-1665187
-2083683
-487187
-557161
-788554
-1674721
-1715113
-2012109
1164160
-1772749
-372373
1404533
89260
-348064
-620062
-214331
-492778
-239766
1589526
1375212
386931
1758964
-1524998
-1823270
736269
-1559422
-1193103
-383621
-301263
-1160575
1293476
2074160
-184361
1671335
-459924
509173
1372156
402316
-934087
465659
1966880
-823385
-1112310
-1879795
695041
1558034
-1086463
719989
652089
1987155
-1317938
-1306215
-264051
724692
-420224
-1656619
-1142476
1703097
977601
1016159
-726267
448439
-953898
-798423
-566706
-544414
-1452696
-53816
1782460
1582786
1988423
-564013
1389848
-1985954
1326561
-723642
-1142197
1105306
-1995414
1810059
1971340
205365
1010220
-28297
1540799
-31771
1698667
-1926276
-1279046
-1907921
1778524
700659
1293432
-2000870
142885
1384233
-119970
532938
596531
-795743
-1690409
826245
-1941271
-1169304
-795926
-921693
-1015165
-31838
1369087
1116898
-1570467
-433133
-1316564
1055734
-886645
-758889
-1826979
1838702
-1040926
-869950
2019131
-243083
-1180123
-1450009
-1637393
903151
1199025
1235814
648014
-1512224
-1879587
9681
1089598
-544183
992013
-851645
-76991
622111
1088227
-111182
-1222870
1361140
590388
1684219
517438
-736739
1350609
-1550706
1054077
89678
1274382
-430602
75558
1756517
427347
1635900
-1688549
1744689
208977
-1775591
1438786
1883106
-1767932
-2054630
1545193
-1432814
-891774
-1642971
26015
-1759222
-740202
-1308890
1339961
-241457
415599
1188562
349914
448136
1561786
1783841
1395549
-912522
1611585
-645546
-1607416
-1498145
872951
166365
1304425
51388
-880955
17634
-781391
-879021
654939
198693
-1375937
-1838626
-1528211
-1274446
416523
986554
117668
1397632
1942652
1603975
-1789890
1581872
-1406736
1657197
-1368942
167809
962941
1967937
49944
189139
-1472833
-684336
1994867
23535
472530
-1417597
601066
413784
-1979709
-105046
-968888
2040875
-223304
1841743
1286817
1102279
-1136504
263045
271527
1477670
-1370877
602567
-2077916
238483
1228295
-595581
253700
1517665
1839343
591615
1968025
-201360
1430523
152374
625042
-84315
-1799542
1580807
1258111
1197848
-1055314
1769456
134995
369681
-1873411
1361674
247121
-1319016
-538252
-929731
-717554
-913450
795273
-1323188
629760
1242691
-1980251
110407
640583
-452824
1868256
1797206
1200301
-672995
335386
-1791680
1858860
1427543
112757
101963
509772
-853604
-57356
258700
1676791
513196
1122629
-1627120
783710
1043176
-1778676
-645963
242107
1745327
-1217618
-325651
1302192
671095
-849253
-1466940
1120456
-1161754
-510300
1887987
1410876
870705
-1499408
336954
-139456
173118
1156923
1127019
-2077177
-1184312
-1954807
-1600581
-1015297
-1815120
-1076204
-656176
514855
-1948864
1847974
-262052
-489603
241416
-1822826
671844
495683
811625
-231762
-422453
-958748
1313490
-1758310
-1105980
-849354
984999
-457708
1859883
-119676
-666412
-199437
427573
1369544
-304906
-731676
1764901
1407076
677629
-1709053
430930
-1646135
-371732
1543625
-1307277
-1315571
-143587
919794
347646
-1942787
1016457
1597078
-1552291
508118
484812
1111401
-231756
1528713
1277506
360842
732217
690534
415710
-335478
-1107213
956738
2070228
-937364
-990609
-1157723
2086818
-638763
-177717
-455233
-1538160
1161453
-1423257
-448220
-382268
-1306430
-898281
1993581
208538
-407410